10
20
30
40
50
60
70
80
130
220
240
280
300
320
340
360
380
400
420
500
550
620
730
1002
1200
1230
1250
1280
1300
1500
1510
1520
1530
1600
1610
1630
1640
1670
1690
1700
1900
1930
2100
2200
2210
2270
2280
2290
2300
2310
2320
2330
2340
2350
2360
2370
2390
2400
2420
2450
2500
2520
2540
2570
2590
2600
2610
2620
2630
2640
2700
2710
2720
2780
2800
2810
2820
2840
2850
2870
2900
2910
2920
2990
3010
3020
3050
3130
3170
3230
3260
3270
3300
3310
3320
3330
3340
3350
3380
3390
3410
3440
3450
3460
3480
3483
3500
3510
3520
3530
3540
3560
3570
3580
3590
3600
3610
3620
3700
3710
3720
3730
3800
3810
3820
3830
3900
3910
3920
3960
3980
3990
4000
4100
4300
4420
4460
4470
4500
4520
4530
4560
4570
4580
4700
4720
4760
4770
4800
4850
4870
4880
4890
4900
4920
6000
6010
6020
6030
6040
6060
6080
6090
6120
6200
6210
6220
6250
6300
6310
6370
6400
6420
6510
6550
6600
6800
6810
6830
6840
6850
6860
6870
6880
6900
6910
6920
6980
7000
7010
7020
7110
7200
7210
7220
7260
7340
7510
7520
7530
7600
7610
7620
7650
7660
7670
7730
7760
7770
7830
7860
7940
8000
8080
8100
8140
8170
8190
8200
8220
8310
8320
8330
8340
8400
8500
8600
8660
8790
8800
8850
8870
8880
8890
8930
8970
8980
9000
9010
9030
9040
9050
9060
9070
9160
9180
9200
9310
9350
9420
9450
9460
9480
9500
9710
9730
9760
9800
9850
9880
9900
9930
9940
9970
9980
10090
10100
10110
10120
10130
10140
10150
10180
10220
10230
10240
10260
10270
10460
10500
10680
11020
11040
11050
11130
11140
11150
11190
11200
11230
11240
11250
11260
11280
11330
11340
11360
11370
11390
11450
11480
11560
11590
11610
11900
12100
12110
12120
12130
12140
12150
12160
12170
12180
12200
12220
12310
12320
12330
12340
12360
12390
12420
12430
12440
12450
12460
12470
12480
12500
12520
12530
12540
12560
12630
12640
12690
12710
12770
12790
12810
12830
12900
13000
13200
13210
13230
13240
13250
13500
13520
13530
13540
13560
13570
13580
13600
13620
13630
15000
15080
15100
15120
15130
15160
15170
15190
15200
15210
15240
15270
15300
15310
15320
15370
15380
15390
15400
15500
15520
15620
15700
15710
15740
15750
15900
15930
15950
15960
15970
16000
16020
16030
16060
16120
16130
16300
16450
16500
16710
16720
16810
17080
17100
17120
17140
17180
17300
17330
17390
17410
17430
17440
17450
17460
17470
17480
17570
17580
17710
18000
18020
18040
18050
18070
18120
18300
18400
18420
18430
18470
18480
18500
18700
18820
19000
19030
19200
19500
19800
19810
19830
19900
19930
19980
20200
20500
20510
20530
20540
20550
20570
20700
20710
20820
20900
20920
21000
21010
21030
21090
21100
21130
21300
21400
21500
21600
21640
21660
21670
21680
21690
21780
21800
21980
22000
22100
22120
22130
22180
22200
22230
22300
22310
22320
22330
22350
22370
22380
22450
22500
22600
22610
22650
22670
23300
23310
23380
23400
23420
23450
23460
23490
23500
23530
23600
23700
24010
24240
24400
24410
24420
24460
24480
24640
24650
24670
24720
24740
24780
24790
24800
24810
24840
24870
24960
24980
25000
25010
25600
25620
25700
25800
25830
25850
25890
25900
25910
25930
25980
25990
26000
26500
26800
26900
27000
27020
27050
27330
27400
27600
27800
27810
27900
27920
27940
28000
29130
29160
29180
29800
29900
31170
31280
31290
31300
31500
31700
31800
31810
31820
31830
31840
31850
31860
31870
31880
31890
31900
31910
31920
31930
31980
32110
32120
32140
32150
32160
32200
32310
32330
32340
32350
32360
32370
32380
32390
32400
32410
32420
32430
32440
32450
32470
32500
32510
32610
32620
32630
32640
32660
32670
32680
32710
32720
32730
32740
32750
32760
32770
32800
32900
33100
33110
33120
33130
33180
33210
33230
33320
33340
33390
33420
33460
33520
33570
33600
33610
33620
33650
33660
33670
33680
33730
33760
33770
33790
33900
33930
33950
33980
33990
34010
34030
34190
34270
34410
34420
34500
34600
34630
34640
34800
34810
34820
34830
34870
34900
34920
35000
35070
35130
35140
35300
35310
35320
35420
35450
35460
35480
35600
35700
35720
35800
36000
36150
36210
36240
37010
37030
37100
37260
37300
37310
37320
37330
37380
37400
37500
37600
37700
37800
37960
38000
38080
38100
38120
38130
38140
38150
38160
38170
38180
38190
38210
38230
38400
38410
38420
38430
38450
38460
38490
38600
38700
38720
38740
39110
39120
39140
39150
39160
39190
39200
39210
39500
39520
39540
39550
39560
39630
39640
39650
39660
39670
39680
39690
39800
40100
40200
40210
40300
40320
40330
40340
40350
40380
40390
40400
40420
40500
40700
40720
40800
40930
40950
40970
40980
40990
41000
41050
41060
41100
41300
41500
41600
41700
41740
41800
41900
42120
42140
42170
42210
42220
42230
42500
42670
42700
42810
42850
42890
42910
42920
42960
42980
42990
43000
43100
43190
43500
43600
44200
44340
44350
44360
45000
45100
45300
45400
45450
45500
45700
45710
45720
45730
45740
45750
45760
45770
46000
46250
46260
46270
46280
46290
46340
46350
46360
46370
46380
46400
46410
46440
46450
46480
46490
46500
46510
46520
46540
46550
46560
46600
46700
46710
46720
46730
46740
46750
46770
46790
46830
46850
47000
47130
47400
47410
47500
47520
47540
47570
47700
47730
47780
47790
47800
47810
47870
47890
47920
48000
48110
48150
48190
48220
48700
48720
48800
48950
49300
49320
49330
49470
49520
49600
49800
49810
49900
50000
50130
50300
50510
50620
50820
50910
50920
50940
50970
51020
51030
51060
51100
55000
55040
55100
55110
55140
55150
55230
55370
57000
57200
57300
57600
57620
57640
57650
57690
57700
57730
57740
57800
57900
58200
58230
58520
58550
58560
58570
58610
60340
60600
60700
60800
61100
61310
61500
61510
61520
61600
61700
61730
62000
62100
63000
63110
63200
63380
63500
63600
63610
63650
63660
63700
63710
63800
63900
63910
63940
63950
63960
64000
65080
65270
65300
65400
65500
65530
65540
65560
65600
65610
65700
65710
65720
65730
65740
65780
65790
65800
65930
65980
67000
67370
70000
70100
70110
70120
70200
70210
70300
70400
70420
70500
70600
70620
70640
70650
70660
70900
71000
71230
71240
71260
71340
72000
72200
72400
72500
72900
73010
73020
73060
73170
73190
73210
73220
78000
80000
80200
80300
80310
80330
80340
80350
80360
90200
90400
90500
91100
91200
91330
91600
91700
91800
91810
91900
92000
92100
92200
92210
92220
92300
92400
92600
92700
92800
92900
93200
94000
94200
94300
94303
94400
94590
94620
95000
95300
95400
95700
95900
96000
96100
96200
96800
96900
97000
97100
97110
97120
97130
97330
98100
98200
98300
98400
98500
98600
98800
99100
99120
99200
99300
99400
99410
99700
99900
99910
100400
102200
102500
102600
102700
102810
102840
102850
104000
104020
104200
104700
104900
105000
105100
105300
105420
105450
105600
105700
105800
107100
107200
107300
107310
107410
107800
108110
108200
108210
108500
108600
108700
108710
108800
109200
109500
109600
109700
110400
110500
110600
110610
110630
110800
111000
111010
111100
111400
111600
111800
111900
112100
113020
113200
113400
113420
115100
115110
115120
115200
115210
115220
115320
116100
116120
200010
200020
200050
200080
200130
200150
200170
200190
200210
200230
200260
200370
200390
200410
200490
200510
200550
200670
200710
200910
200960
200980
200990
201000
201010
201070
201210
201230
201310
201420
201480
201490
201510
201570
201790
201810
202070
202130
202170
202200
202270
202310
202370
202670
202690
202730
202750
202970
203140
203160
203210
203290
203350
203510
203560
203630
203650
203680
203750
203770
203830
203990
204030
204060
204080
204100
204120
204180
204220
204240
204300
204340
204360
204390
204440
204450
204530
204560
204630
204760
204840
204860
204880
204940
204960
205020
205060
205070
205080
205090
205100
205190
205230
205270
205530
205550
205610
205650
205690
205710
205730
205810
205830
205840
205870
205890
205910
205950
205990
206020
206040
206060
206190
206210
206250
206370
206410
206420
206440
206480
206500
206610
206690
206760
207000
207020
207040
207080
207140
207150
207170
207190
207230
207250
207320
207350
207370
207380
207400
207420
207430
207490
207530
207570
207610
207650
207670
207690
207730
207750
207790
207930
208090
208110
208140
208200
208400
208460
208480
208500
208520
208580
208620
208630
208640
208650
208670
208710
208730
208750
209000
209060
209080
209100
209120
209160
209190
209230
209270
209330
209360
209370
209390
209520
209540
209630
209650
209670
209690
209730
209790
209830
209850
209870
209950
210170
210230
210550
210770
210870
210950
210970
211010
211070
211160
211180
211260
211280
211340
211360
211400
211420
211440
211500
211580
211600
211740
211780
211800
211820
211900
212010
212030
212050
212070
212110
212160
212200
212390
212410
212480
212500
212630
212680
212700
212780
212800
213030
213330
213350
213610
213650
213670
213850
214130
214150
214170
214190
214250
214340
214360
214420
214490
214510
214550
214560
214570
214590
214610
214630
214700
214730
214770
214790
214830
214870
214910
214950
214970
215080
215100
215120
215160
215280
215390
215450
215470
215510
215530
215630
215670
215690
215710
215770
215790
215870
215930
216090
216110
216130
216150
216210
216260
216290
216890
216910
216930
217100
217120
217140
217200
217270
217290
217690
217750
217790
217920
218020
218040
218060
218090
218130
218230
218410
218510
218640
218660
218680
218700
218740
218820
219150
219190
219200
219340
219640
219680
219700
219760
219780
219830
219890
219910
219950
219990
220090
220160
220200
220240
220260
220420
220440
220460
220660
220700
220740
220780
220820
220860
220900
221020
221040
221100
221180
221260
221380
221540
221640
221680
221810
221830
221910
222140
222160
222180
222420
222440
222480
222520
222640
222660
222730
222750
222880
222940
222980
223000
223100
223220
223280
223330
223410
223430
223450
223470
223510
223710
223730
223810
223830
223850
224040
224260
224300
224380
224460
224480
224500
224540
224580
224600
224700
224760
224820
224860
224900
224920
224940
224960
224980
225000
225020
225080
225160
225260
225280
225300
225320
225360
225420
225540
225600
225640
225840
226100
226120
226560
226580
226620
226720
226740
226820
226860
226960
227000
227020
227060
227080
227100
227160
227180
227200
227220
227240
227300
227380
227480
227560
227580
227600
227760
227780
227800
227860
227900
227920
227940
228260
228280
228300
228320
228380
228400
228440
228760
228960
229480
229520
229580
229600
229810
229870
229970
230050
230070
230150
230190
230230
230270
230310
230330
230410
230650
230700
230760
230820
230840
230860
230980
231020
231040
231060
231140
231160
231200
231310
231330
231430
231720
231740
231910
232010
232050
232090
232430
232450
232750
232770
232790
232890
232910
232950
232970
233110
233130
233150
233190
233210
233230
233270
233290
233310
233350
233370
233410
233450
233470
233510
233550
233680
233700
233720
233740
233840
233980
234080
234100
234140
234160
234190
234290
234330
234350
234370
234390
234490
234650
234670
234710
234820
234900
234920
234940
235070
235210
235250
235320
235360
235380
235400
235460
235540
235600
235620
235660
235720
235800
235820
235900
235980
236010
236090
236110
236130
236150
236290
236370
236430
236450
236470
236690
236730
236790
236850
236870
236890
236930
236970
237110
237310
237350
237370
237430
237470
237550
237570
237590
237630
237740
237760
237850
237870
237890
237930
237950
237970
237990
238010
238050
238090
238210
238240
238260
238320
238370
238430
238460
238530
238630
238750
238870
238890
238910
238930
239030
239070
239090
239120
239140
239160
239200
239250
239350
239430
239660
239700
239720
239800
239820
239840
240340
240360
240440
240600
240620
240660
240760
240970
241240
241260
241320
241410
241540
241560
241600
241620
241720
241760
241910
241930
242050
242110
242130
242530
242550
242570
242590
242640
242680
242700
242720
242760
242780
242800
242820
242840
242860
242880
242920
242940
242960
242980
243000
243040
243060
243120
243160
243200
243220
243280
243360
243450
243470
243780
243800
243890
243950
243970
244030
244050
244070
244090
244160
244410
244430
244450
244590
244630
244690
244710
244730
244770
244810
244830
244870
244890
244910
244930
244950
245050
245150
245170
245280
245300
245370
245390
245410
245430
245450
245470
245490
245620
245730
246070
246090
246110
246300
246360
246420
246580
246620
246680
246700
246720
246740
246760
246800
246840
246880
246920
246940
246960
246980
247000
247020
247080
247120
247140
247240
247310
247350
247370
247430
247580
247660
247730
247870
247910
247950
248170
248190
248270
248310
248330
248350
248370
248390
248410
248450
248470
248490
248510
248530
248550
248570
248610
248630
248650
248710
248730
248800
248820
248860
248970
249050
249130
249190
249230
249330
249360
249550
249570
249590
249610
249630
249650
249680
249870
249930
249950
249990
250030
250050
250070
250110
250180
250260
250320
250340
250380
250400
250420
250460
250500
250520
250560
250580
250600
250620
250640
250660
250700
250720
250760
250900
251020
251060
251110
251130
251150
251170
251210
251230
251270
251290
251310
251370
251390
251410
251430
251470
251490
251510
251530
251630
251690
251710
251730
251770
251830
251850
251870
251910
251990
252010
252030
252070
252110
252130
252150
252170
252230
252250
252270
252290
252310
252330
252350
252370
252410
252430
252450
252490
252530
252550
252570
252610
252630
252670
252690
252710
252730
252750
252770
252830
252850
252890
252910
252950
253110
253150
253190
253230
253250
253290
253310
253330
253350
253370
253390
253410
253490
253510
253530
253570
253610
253630
253650
253690
253710
253750
253770
253790
253860
253880
253900
253920
253940
253960
253980
254060
254080
254100
254200
254320
254440
254460
254480
254700
254820
254840
254880
254920
254960
255070
255220
255260
255280
255300
255320
255340
255370
255390
255420
255710
255870
255920
255940
256010
256030
256190
256290
256330
256370
256390
257030
257050
257120
257170
257220
257260
257350
257400
257510
257630
257650
257670
257690
257710
257730
257750
257770
257790
257830
257850
257870
257930
257970
257990
258010
258030
258050
258070
258090
258180
258200
258220
258240
258520
258590
258760
258880
258890
258910
258950
258970
259020
259060
259130
259170
259190
259320
259340
259390
259410
259430
259450
259470
259490
259510
259530
259550
259570
259600
259620
259640
259660
259680
259700
259720
259740
259760
259780
259810
259830
259870
259890
259910
259940
259960
259980
260000
260040
260130
260160
260190
260210
260230
260250
260270
260330
260380
260410
260430
260510
260530
260550
260570
260650
260690
260710
260730
260750
260790
260930
261030
261110
261180
261350
261470
261490
261510
261530
261570
261600
261640
261680
261700
261720
261740
261760
261880
261920
261940
261960
262000
262060
262080
262100
262120
262190
262210
262240
262260
262280
262300
262390
262410
262450
262470
262490
262550
262590
262610
262630
262690
262750
262770
262790
262830
262850
262900
262920
262940
262960
262980
263020
263040
263060
263080
263100
263120
263140
263180
263200
263280
263300
263320
263360
263380
263400
263420
263460
263480
263500
263520
263540
263560
263600
263620
263640
263680
263700
263740
263760
263820
263860
263880
263920
263940
263960
263980
264000
264060
264080
264120
264140
264160
264200
264220
264240
264280
264320
264340
264380
264400
264440
264460
264480
264520
264540
264560
264690
265000
265120
265170
265240
265300
265330
265380
265550
265590
265610
265630
265670
265690
265750
265770
265790
265810
265830
265870
265890
265930
265950
265970
265990
266010
266030
266050
266070
266090
266110
266130
266150
266170
266190
266210
266230
266250
266310
266330
266370
266390
266430
266470
266490
266510
266940
266980
267060
267220
267340
267360
267490
267530
267600
267670
267730
267750
267900
267920
267960
267980
268050
268130
268200
268220
268260
268320
268360
268400
268420
268500
268540
268650
268710
268750
268810
268850
268870
268890
268930
268970
269010
269030
269050
269110
269150
269210
269230
269250
269270
269290
269310
269330
269350
269470
269490
269530
269570
269590
269610
269670
269690
269710
269770
269790
269810
269890
269990
270010
270030
270050
270070
270090
270110
270150
270170
270190
270210
270230
270270
270310
270370
270430
270450
270490
270510
270550
270570
270590
270630
270750
270760
270770
270790
270810
270880
270910
270950
271240
271360
271370
271500
271520
271570
271590
271640
271670
271730
271760
271820
271860
271900
271920
271990
272010
272040
272060
272270
272330
272470
272510
272600
272890
273070
273110
273240
273350
273500
273570
273580
273590
273600
273620
273750
273760
273770
273820
273830
273840
273940
273960
274130
274170
274190
274230
274250
274270
274290
274310
274350
274480
274500
274560
274620
274700
274880
274900
274920
274940
274980
275060
275080
275100
275180
275200
275290
275310
275330
275350
275390
275470
275490
275510
275530
275570
275610
275670
275810
275830
275850
276220
276240
276300
276340
276360
276380
276430
276440
276460
276730
276750
276810
276870
276890
277110
277270
277390
277430
277450
277460
277470
277490
277500
277510
277520
277540
277560
277590
277630
277650
277680
277700
277850
277870
277890
277910
277930
278080
278100
278360
278420
278440
278460
278490
278510
278530
278550
278570
278590
278620
278640
278810
278850
278890
278910
278930
278970
279070
279140
279160
279260
279420
279440
279480
279500
279520
279540
279560
279580
279720
279800
279900
279940
279990
280040
280140
280180
280200
280220
280320
280360
280380
280460
280500
280520
280540
280560
280600
280640
280720
280740
280830
280890
280910
280930
281050
281060
281200
281220
281240
281260
281280
281350
281370
281390
281410
281450
281580
281610
281640
281750
281820
281840
281860
281900
281920
281940
281990
282010
282030
282050
282070
282100
282140
282210
282370
282400
282440
282530
282560
282590
282620
282640
282660
282680
282740
282760
282780
282800
282860
282880
282900
282960
283000
283020
283040
283060
283080
283100
283180
283230
283270
283290
283310
283330
283350
283370
283390
283410
283430
283450
283470
283580
283640
283660
283680
283820
283840
283880
283920
283940
283960
283980
284000
284020
284050
284100
284140
284160
284180
284200
284220
284260
284390
284410
284460
284580
284710
284730
284750
284770
284790
284810
284830
284850
284870
284890
284910
284950
284970
284990
285050
285070
285090
285110
285130
285160
285310
285330
285420
285440
285480
285500
285580
285670
285740
285800
285820
285840
285900
285920
285960
285980
286040
286080
286100
286120
286140
286200
286220
286240
286260
286280
286320
286340
286360
286380
286460
286480
286500
286540
286570
286660
286690
286770
286790
286810
286830
286880
286940
287020
287070
287100
287120
287200
287220
287260
287290
287340
287390
287450
287580
287600
287700
287720
287740
287840
287860
287900
287920
287960
287980
288020
288040
288060
288100
288120
288140
288160
288220
288260
288370
288470
288500
288610
288630
288670
288690
288710
288750
288790
288830
288840
288880
288930
288970
289050
289090
289130
289180
289200
289220
289240
289260
289280
289300
289320
289340
289360
289400
289420
289440
289460
289480
289500
289520
289580
289600
289620
289650
289690
289760
289800
289820
289840
289890
289930
290000
290020
290040
290080
290140
290260
290280
290300
290320
290340
290380
290440
290460
290490
290530
290650
290730
290770
290790
290810
290870
290890
290930
290970
290990
291010
291030
291050
291070
291090
291130
291150
291190
291250
291270
291290
291330
291370
291390
291410
291430
291450
291480
291550
291610
291630
291640
291650
291710
291770
291910
291930
291960
292060
292090
292120
292140
292160
292180
292200
292230
292240
292260
292280
292300
292330
292350
292370
292380
292390
292400
292410
292420
292480
292500
292570
292600
292620
292630
292660
292670
292760
292780
292800
292820
292840
292860
292880
292910
292930
292990
293160
293180
293200
293220
293240
293260
293320
293340
293420
293440
293460
293480
293500
293520
293540
293600
293660
293680
293720
293740
293760
293780
293840
293860
293880
293900
293920
293940
293960
294000
294040
294060
294100
294140
294160
294230
294280
294370
294390
294440
294460
294530
294540
294550
294570
294580
294590
294650
294670
294680
294690
294700
294710
294720
294750
294770
294790
294810
294830
294860
295250
295490
295550
295590
295610
295630
295670
295690
295710
295730
295750
295770
295790
295850
295870
295910
296010
296030
296050
296180
296210
296220
296240
296280
296300
296470
296490
296510
296530
296550
296570
296590
296630
296650
296730
296770
296810
296850
296870
296910
296930
296970
297000
297070
297100
297110
297120
297130
297210
297270
297290
297330
297350
297370
297410
297470
297490
297570
297590
297720
297740
297750
297760
297860
297920
297940
298020
298030
298050
298110
298140
298160
298180
298220
298240
298260
298280
298340
298360
298400
298480
298520
298560
298600
298630
298790
298820
298830
298840
298850
298890
298930
298950
299020
299030
299050
299070
299090
299110
299150
299160
299170
299180
299250
299260
299290
299340
299360
299420
299460
299480
299500
299540
299580
299600
299660
299680
299720
299740
299780
299800
299820
299840
299910
300040
300080
300220
300260
300280
300300
300320
300340
300360
300380
300400
300510
300540
300550
300570
300580
300610
300620
300630
300760
300820
300840
300900
300970
301050
301120
301150
301190
301200
301220
301300
301360
301380
301420
301460
301500
301520
301540
301560
301610
301640
301650
301670
301680
301690
301700
301730
301740
301750
301760
301830
301860
301910
301920
301930
301970
301980
301990
302010
302060
302080
302110
302120
302130
302160
302170
302180
302190
302210
302240
302250
302260
302270
302290
302310
302320
302330
302340
302350
302360
302370
302380
302390
302460
302470
302490
302510
302570
302590
302610
302650
302670
302690
302710
302730
302750
302790
302810
302830
302870
302910
302950
302970
303210
303260
303290
303310
303340
303390
303410
303430
303470
303510
303530
303550
303590
303680
303690
303710
303790
303800
303840
303860
303870
303880
303910
303940
304030
304050
304150
304170
304240
304290
304350
304410
304460
304500
304650
304670
304730
304750
304810
304910
304930
304950
305010
305050
305070
305260
305380
305390
305460
305480
305490
305500
305510
305620
305640
305660
305740
305780
305800
305820
305840
305880
305920
305940
305960
305980
306020
306040
306130
306260
306350
306370
306410
306440
306480
306490
306550
306620
306630
306640
306660
306670
306680
306700
306930
307010
307030
307070
307090
307130
307170
307190
307210
307270
307290
307340
307350
307410
307430
307570
307580
307590
307600
307620
307640
307670
307690
307760
307770
307780
307880
307900
307920
307930
307980
307990
308000
308040
308060
308080
308173
308270
308320
308330
308360
308380
308420
308440
308460
308520
308560
308580
309900
310060
310070
310080
310110
310360
310370
310380
310390
310450
310460
310470
310490
310510
310640
310700
310740
310790
310810
310830
310850
310880
310890
310950
310970
311040
311120
311140
311170
311190
311210
311250
311310
311340
311400
311480
311560
311680
311690
311720
311730
311770
311800
311840
311860
311870
311940
311980
312010
312050
312150
312210
312230
312280
312300
312350
312360
312370
312400
312420
312430
312440
312450
312510
312530
312540
312600
312610
312630
312640
312720
312750
312780
312790
312840
312970
312980
312990
313010
313020
313040
313080
313120
313130
313140
313160
313210
313240
313340
313360
313400
313470
313590
313620
313650
313660
313690
313810
313830
313870
313960
313980
314000
314010
314020
314070
314120
314150
314160
314180
314200
314210
314230
314240
314250
314280
314290
314300
314320
314340
314360
314370
314380
314410
314420
314450
314460
314470
314510
314520
314540
314560
314570
314590
314660
314680
314710
314810
314830
314850
314970
314980
315060
315070
315080
315130
315260
315320
315340
315430
315440
315480
315540
315550
315600
315610
315660
315670
315680
315740
315810
315830
315840
315850
315860
315920
315940
316010
316020
316030
316080
316140
316160
316180
316240
316260
316320
316390
316430
316480
316542
316600
316610
316660
316700
316720
316740
316750
316790
316810
316890
316930
316970
317020
317030
317040
317060
317100
317280
317290
317320
317330
317360
317380
317400
317410
317440
317470
317510
317530
317580
317610
317620
317710
317720
317790
317820
317840
317940
317970
318020
318090
318100
318130
318220
318230
318260
318300
318310
318330
318350
318430
318480
318530
318570
318600
318650
318690
318740
318860
318950
318970
319050
319080
319140
319170
319180
319210
319230
319250
319270
319280
319300
319320
319400
319430
319450
319470
319510
319550
319560
319570
319630
319730
319740
319780
319830
319850
319910
319970
320040
320090
320110
320120
320140
320150
320320
320340
320400
320430
320520
320610
320630
320650
320670
320690
320760
320790
320820
320840
320970
321030
321060
321080
321150
321190
321260
321290
321350
321360
321370
321400
321410
321480
321560
321600
321660
321800
321830
321840
321870
321880
321890
321920
321950
321960
321980
322080
322110
322130
322170
322190
322210
322290
322300
322330
322410
322440
322500
322520
322540
322550
322630
322680
322850
322900
322910
322920
322930
322950
322970
322990
323040
323060
323220
323260
323280
323370
323380
323450
323460
323470
323490
323580
323610
323630
323670
323700
323720
323850
323900
324070
324080
324120
324140
324160
324190
324260
324270
324310
324390
324420
324510
324570
324610
324650
324680
324710
324730
324740
324760
324770
324800
324810
324830
325060
325090
325110
325120
325150
325160
325180
325210
325300
325320
325370
325420
325430
325470
325520
325610
325730
325790
325860
325870
325880
325910
326110
326120
326150
326160
326180
326190
326230
326340
326380
326410
326460
326470
326480
326520
326590
326630
326650
326670
326720
326730
326840
326960
326990
327000
327030
327060
327070
327090
327150
327220
327260
327310
327370
327380
327390
327400
327410
327440
327450
327490
327500
327510
327520
327560
327640
327650
327670
327680
327740
327860
327890
327910
327920
327930
327940
327950
327960
327980
328000
328060
328070
328080
328100
328220
328430
328440
328460
328470
328500
328510
328550
328600
328640
328670
328710
328730
328760
328780
328830
328870
328880
328890
328900
328920
328930
328940
329000
329020
329040
329050
329110
329130
329200
329240
329280
329320
329380
329430
329440
329460
329480
329490
329610
329620
329630
329640
329650
329670
329680
329690
329790
329830
329890
329970
329980
330000
330100
330180
330270
330350
330370
330390
330420
330460
330470
330500
330570
330580
330660
330670
330680
330720
330820
330830
330840
330990
331120
331160
331190
331200
331210
331220
331290
331340
331390
331400
331440
331450
331470
331480
331500
331510
331570
331580
331600
331650
331670
331720
331750
331760
331790
331920
331970
331980
332070
332200
332250
332260
332310
332330
332370
332380
332390
332400
332410
332480
332500
332530
332540
332570
332580
332610
332620
332630
332710
332730
332780
332800
332810
332830
332880
333100
333120
333210
333220
333250
333260
333290
333300
333330
333340
333350
333380
333390
333430
333490
333510
333540
333640
333650
333660
333730
333760
333870
333880
333930
333950
333970
333980
334030
334070
334100
334120
334140
334190
334210
334230
334260
334270
334280
334290
334300
334370
334420
334470
334560
334620
334690
334710
334840
334850
334980
335000
335010
335050
335070
335090
335100
335120
335190
335200
335210
335220
335240
335300
335310
335320
335330
335430
335440
335450
335460
335550
335660
335670
335690
335700
335770
335790
335820
335830
335840
335850
335890
335900
335920
335940
336010
336020
336030
336040
336060
336080
336090
336110
336130
336150
336200
336230
336240
336280
336300
336380
336420
336440
336510
336520
336530
336610
336680
336700
336710
336730
336760
336770
336780
336840
336930
337000
337040
337110
337150
337180
337210
337270
337320
337350
337360
337410
337420
337450
337480
337490
337630
337650
337670
337680
337720
337760
337820
337850
337880
337930
337940
337950
337960
337970
337980
338000
338040
338050
338060
338110
338120
338130
338140
338170
338180
338190
338310
338320
338330
338420
338530
338540
338550
338590
338630
338710
338760
338800
338810
338830
338890
338960
338980
339000
339040
339110
339120
339130
339160
339190
339200
339210
339230
339240
339280
339290
339320
339340
339350
339400
339440
339460
339470
339510
339530
339570
339580
339590
339600
339610
339640
339690
339790
339800
339840
339850
339860
339910
340000
340030
340050
340070
340150
340170
340200
340210
340220
340250
340270
340280
340290
340300
340310
340320
340340
340350
340360
340390
340400
340440
340460
340470
340480
340490
340520
340540
340570
340580
340600
340630
340650
340700
340750
340770
340800
340810
340830
340920
340960
340990
341000
341020
341030
341060
341070
341080
341090
341120
341150
341160
341260
341270
341310
341360
341380
341390
341440
341460
341470
341500
341510
341530
341540
341550
341570
341640
341660
341680
341690
341710
341720
341730
341750
341760
341780
341820
341860
341870
341910
341930
341940
341950
341980
342020
342090
342100
342130
342150
342200
342230
342240
342280
342300
342350
342360
342370
342450
342490
342500
342510
342520
342530
342550
342560
342570
342580
342610
342620
342630
342640
342650
342740
342860
342890
342920
342970
342980
342990
343000
343020
343070
343090
343100
343140
343150
343170
343180
343250
343270
343280
343320
343340
343360
343370
343390
343440
343560
343570
343630
343690
343710
343750
343770
343780
343800
343810
343820
343830
343840
343930
343990
344030
344040
344190
344230
344240
344260
344270
344300
344340
344410
344440
344480
344500
344630
344740
344760
344770
344790
344800
344810
344820
344840
344850
344860
344890
344910
345010
345060
345080
345090
345120
345130
345180
345200
345220
345240
345260
345280
345290
345350
345370
345390
345440
345480
345540
345580
345610
345640
345650
345660
345700
345710
345750
345820
345860
345990
346010
346040
346060
346090
346110
346120
346140
346160
346180
346200
346210
346220
346240
346250
346290
346320
346330
346340
346370
346420
346430
346440
346450
346510
346550
346560
346630
346730
346770
346800
346810
346830
346850
346900
346920
346940
346950
346970
347040
347060
347080
347230
347240
347250
347270
347280
347400
347430
347440
347470
347480
347510
347560
347590
347610
347620
347660
347670
347690
347710
347720
347730
347790
347830
347940
348020
348030
348180
348190
348240
348270
348280
348290
348300
348340
348360
348380
348400
348430
348440
348450
348460
348470
348490
348510
348530
348540
348550
348620
348650
348670
348700
348710
348730
348790
348810
348820
348840
348850
348870
348950
348960
348980
349020
349040
349100
349140
349150
349220
349240
349250
349260
349280
349300
349320
349440
349460
349480
349500
349540
349580
349650
349670
349680
349690
349700
349720
349760
349840
349950
350010
350020
350070
350080
350090
350110
350150
350210
350220
350280
350310
350330
350490
350500
350510
350530
350550
350600
350610
350620
350630
350640
350700
350740
350770
350780
350810
350910
350970
350990
351030
351050
351060
351080
351090
351100
351140
351150
351170
351220
351230
351240
351250
351290
351300
351330
351340
351410
351420
351480
351490
351510
351630
351640
351700
351710
351720
351730
351790
351800
351810
351820
351860
351870
351900
351910
351940
351970
351990
352010
352070
352130
352140
352160
352190
352220
352240
352370
352400
352430
352440
352460
352520
352580
352620
352700
352720
352740
352760
352780
352790
352850
352900
352950
352960
353070
353090
353110
353130
353190
353270
353280
353330
353340
353360
353540
353550
353560
353610
353630
353640
353700
353790
353940
353980
354030
354040
354050
354140
354160
354180
354200
354240
354290
354310
354380
354400
354430
354600
354620
354640
354650
354680
354690
354720
354730
354740
354770
354810
354820
354860
354900
354920
354930
354950
354960
354970
355050
355060
355070
355080
355090
355120
355130
355140
355150
355180
355240
355250
355270
355310
355350
355410
355420
355500
355510
355520
355530
355560
355630
355650
355670
355690
355760
355800
355810
355840
355920
355950
355970
355980
356000
356040
356050
356070
356090
356100
356110
356130
356160
356170
356200
356210
356260
356270
356280
356310
356370
356380
356390
356420
356430
356500
356510
356520
356530
356540
356550
356560
356570
356580
356670
356710
356730
356770
356790
356800
356880
356890
356910
357030
357070
357120
357280
357290
357300
357320
357330
357340
357370
357480
357490
357600
357650
357690
357700
357720
357750
357770
357780
357830
357890
357900
357910
357940
358030
358070
358080
358090
358130
358170
358180
358190
358210
358220
358230
358240
358250
358260
358270
358280
358290
358300
358310
358320
358330
358340
358350
358360
358370
358380
358390
358400
358410
358420
358440
358460
358610
358650
358700
358760
358770
358810
358830
358840
358960
359040
359050
359070
359160
359190
359220
359230
359250
359260
359280
359310
359350
359370
359390
359400
359440
359450
359550
359560
359580
359600
359610
359620
359630
359650
359670
359800
359810
359840
359870
359900
359920
359960
360010
360040
360170
360380
360390
360450
360510
360550
360580
360590
360620
360640
360650
360720
360730
360740
360750
360840
360850
360870
360890
360940
360990
361020
361040
361130
361160
361200
361280
361300
361330
361350
361360
361380
361420
361430
361550
361560
361600
361630
361670
361690
361800
361830
361850
361890
361930
361990
362030
362070
362090
362130
362140
362160
362290
362310
362350
362380
362400
362410
362490
362620
362660
362680
362740
362780
362790
362810
362830
362860
362870
362890
362920
362930
362940
363050
363060
363070
363130
363180
363220
363240
363270
363330
363360
363410
363430
363440
363480
363490
363500
363510
363520
363530
363580
363600
363610
363650
363670
363680
363790
363890
363900
363920
363930
363940
363950
363960
363970
363980
364050
364060
364100
364190
364230
364250
364270
364300
364350
364360
364370
364390
364420
364450
364480
364510
364640
364660
364670
364690
364710
364750
364770
364790
364800
364810
364830
364840
364850
364890
364900
364930
364940
364970
365020
365050
365070
365110
365120
365150
365160
365190
365210
365240
365260
365270
365280
365300
365310
365320
365330
365340
365350
365360
365420
365430
365440
365450
365460
365480
365500
365560
365590
365620
365660
365670
365680
365720
365760
365770
365800
365810
365850
365860
365870
365880
365900
365930
365960
366000
366010
366040
366060
366160
366210
366220
366230
366250
366260
366270
366280
366290
366320
366410
366440
366460
366510
366530
366570
366590
366620
366640
366670
366690
366760
366780
366800
366890
366960
366970
366990
367000
367010
367030
367040
367050
367110
367120
367140
367240
367260
367270
367300
367340
367350
367430
367450
367500
367550
367570
367580
367600
367670
367780
368050
368070
368080
368140
368150
368160
368180
368220
368230
368250
368290
368340
368360
368370
368450
368470
368500
368570
368590
368600
368610
368640
368650
368680
368690
368700
368710
368720
368730
368740
368760
368770
368780
368800
368830
368860
368890
368950
368980
368990
369000
369030
369040
369060
369070
369080
369110
369120
369190
369230
369300
369310
369370
369390
369400
369420
369550
369560
369580
369640
369890
369990
370020
370040
370050
370070
370080
370090
370150
370160
370170
370190
370200
370220
370240
370270
370280
370300
370310
370360
370460
370480
370490
370510
370540
370550
370570
370600
370640
370670
370700
370710
370770
370780
370910
370920
370940
371010
371100
371120
371180
371190
371200
371210
371220
371280
371310
371320
371330
371370
371390
371400
371410
371420
371430
371450
371460
371500
371510
371520
371550
371570
371620
371660
371670
371690
371880
371890
371970
372000
372030
372210
372250
372260
372350
372360
372380
372430
372480
372540
372570
372670
372690
372750
372770
372780
372800
372820
372830
372930
372940
372950
372960
372970
373120
373140
373180
373240
373290
373360
373390
373410
373420
373440
373460
373470
373480
373600
373610
373620
373630
373670
373720
373730
373750
373770
373800
373810
373820
373860
373870
373880
373970
373990
374010
374040
374050
374060
374080
374150
374240
374320
374410
374630
374640
374670
374830
374900
374950
375000
375010
375020
375030
375040
375120
375130
375160
375170
375180
375210
375220
375250
375290
375310
375320
375420
375430
375450
375460
375480
375510
375520
375530
375550
375580
375600
375620
375680
375710
375750
375770
375790
375820
375840
375850
375870
375910
375930
375950
376110
376130
376140
376210
376250
376300
376310
376520
376560
376570
376680
376730
376750
376760
376770
376780
376790
376870
376920
377040
377050
377070
377080
377100
377140
377150
377160
377190
377280
377290
377360
377430
377450
377460
377470
377500
377520
377530
377550
377570
377600
377660
377710
377720
377760
377840
377860
377870
377900
377970
377980
378030
378080
378100
378110
378260
378270
378280
378300
378370
378410
378420
378480
378530
378580
378590
378610
378630
378660
378720
378770
378790
378830
378850
378930
379210
379260
379320
379370
379390
379520
379530
379610
379640
379720
379760
379960
379980
379990
380000
380020
380100
380120
380140
380150
380210
380360
380540
380550
380560
380570
380580
380600
380690
380700
380750
380840
380860
380990
381010
381020
381050
381090
381100
381120
381170
381220
381260
381560
381610
381640
381750
381780
381870
381890
381900
381910
381990
382050
382070
382080
382090
382120
382130
382140
382160
382180
382250
382350
382380
382390
382420
382490
382570
382850
382880
382890
382900
382920
383010
383070
383100
383120
383150
383180
383190
383230
383240
383270
383330
383520
383530
383560
383580
383630
383670
383690
383700
383710
383720
383730
383750
383780
383790
383800
383810
383870
383930
383950
383960
383980
384000
384010
384090
384100
384110
384120
384150
384171
384180
384190
384210
384280
384300
384310
384360
384480
384490
384500
384550
384570
384590
384630
384650
384680
384690
384700
384740
384840
384890
384910
384930
384950
384980
385020
385060
385070
385080
385100
385130
385150
385190
385230
385240
385250
385260
385270
385310
385330
385360
385380
385400
385440
385530
385560
385580
385590
385600
385680
385690
385700
385710
385730
385760
385770
385810
385830
385860
385890
385900
385960
385980
386050
386070
386080
386090
386110
386140
386160
386180
386260
386280
386320
386330
386340
386350
386360
386390
386400
386420
386480
386510
386520
386540
386560
386590
386600
386640
386650
386710
386750
386840
386870
386880
386900
386940
386990
387010
387060
387070
387110
387130
387240
387270
387280
387290
387340
387370
387450
387780
387790
387800
387840
387860
387870
387880
387930
387970
387990
388060
388080
388090
388120
388210
388260
388300
388320
388340
388410
388420
388430
388440
388450
388490
388500
388540
388620
388660
388720
388730
388800
388830
388880
388900
388970
389040
389050
389160
389170
389190
389220
389270
389310
389400
389430
389460
389470
389510
389530
389570
389650
389670
389740
389850
389870
389900
390200
390210
390220
390290
390310
390330
390340
390460
390510
390520
390570
390610
390660
390670
390680
390720
390730
390870
390880
390890
390910
390920
390930
390940
390970
391000
391030
391040
391070
391100
391120
391130
391160
391170
391180
391210
391240
391250
391260
391270
391280
391310
391340
391420
391440
391460
391490
391510
391520
391540
391550
391580
391590
391630
391660
391720
391730
391740
391780
392000
392020
392030
392080
392260
392370
392450
392470
392580
392610
392620
392730
392780
392820
392920
392940
392950
392970
393150
393170
393240
393320
393330
393350
393380
393390
393410
393420
393530
393550
393600
393610
393770
393820
393920
393930
393980
394030
394120
394160
394220
394230
394260
394280
394290
394310
394360
394380
394450
394480
394510
394540
394550
394600
394680
394690
394720
394740
394760
394770
394830
394850
394950
394990
395100
395140
395150
395160
395170
395200
395250
395270
395350
395380
395400
395420
395500
395520
395550
395560
395580
395600
395850
395860
395890
395900
395930
396010
396090
396160
396230
396260
396310
396320
396360
396480
396530
396590
396640
396650
396660
396680
396790
396800
396820
396850
396860
396890
396930
397040
397060
397090
397100
397160
397180
397190
397200
397240
397270
397310
397320
397330
397340
397350
397390
397420
397430
397440
397460
397500
397550
397570
397580
397640
397680
397690
397700
397740
397770
397780
397810
397820
397830
397870
397960
397970
397980
398000
398020
398070
398100
398110
398150
398160
398170
398210
398450
398620
398630
398640
398680
398710
398830
398840
398850
398890
398920
398940
398960
398980
399000
399040
399070
399100
399120
399140
399230
399240
399430
399520
399530
399600
399640
399660
399670
399780
399790
399820
399890
399910
400020
400030
400040
400110
400160
400170
400180
400200
400240
400250
400370
400410
400450
400470
400570
400580
400660
400790
400800
400910
401120
401190
401200
401210
401280
401290
401330
401360
401420
401550
401560
401680
401690
401810
401840
401890
402020
402030
402040
402060
402120
402150
402160
402170
402310
402330
402340
402390
402430
402450
402460
402530
402560
402570
402620
402630
402670
402840
402850
402880
402890
402980
403040
403070
403120
403180
403190
403300
403400
403430
403440
403460
403510
403560
403570
403660
403670
403690
403700
403740
403780
403830
403850
403860
403900
403940
403950
403970
403980
404030
404040
404050
404080
404100
404150
404180
404200
404270
404400
404410
404420
404480
404510
404550
404580
404620
404630
404640
404690
404700
404750
404770
404790
404810
404820
404850
404860
404910
405000
405010
405310
405370
405500
405530
405540
405550
405590
405610
405640
405650
405670
405720
405780
405820
405860
405900
405950
405960
405970
405980
406080
406090
406100
406110
406120
406130
406150
406170
406280
406290
406310
406550
406650
406720
406730
406780
406850
406870
406920
406940
407020
407120
407150
407230
407290
407300
407320
407340
407380
407420
407510
407530
407600
407620
407680
407720
407760
407810
407830
407840
407880
407900
407940
408000
408120
408280
408400
408640
408650
408740
408750
408760
408770
408860
408900
408920
408940
408960
408990
409000
409070
409090
409100
409160
409280
409340
409360
409370
409380
409410
409440
409450
409460
409510
409530
409560
409590
409600
409610
409630
409660
409670
409690
409710
409720
409730
409870
409890
409910
409920
410050
410110
410120
410130
410150
410210
410290
410320
410370
410380
410430
410440
410670
410710
410820
410850
410890
410910
410970
410980
410990
411080
411120
411310
411320
411330
411370
411390
411560
411570
411590
411600
411610
411680
411740
411750
411760
411830
411870
411960
412000
412010
412130
412140
412150
412170
412270
412310
412370
412380
412400
412410
412450
412460
412470
412490
412520
412530
412540
412600
412670
412730
412830
412860
412880
412940
413030
413150
413170
413410
413420
413470
413510
413580
413680
413700
413710
413740
413760
413830
413870
414070
414080
414190
414260
414290
414370
414470
414580
414660
414720
414920
414950
415000
415030
415150
415270
415350
415400
415420
415480
415610
415670
415740
415800
415840
415850
415860
415880
415890
415910
415920
415950
415960
415990
416030
416040
416070
416080
416110
416120
416130
416140
416170
416180
416200
416210
416220
416240
416260
416290
416310
416330
416360
416370
416380
416450
416630
416640
416670
416760
416770
416790
416800
416850
417110
417290
417350
417480
417750
417860
417880
417890
417900
417980
417990
418000
418040
418070
418110
418120
418160
418180
418190
418250
418280
418300
418310
418340
418360
418440
418580
418610
418620
418910
419000
419090
419460
419480
419500
419810
420000
420050
420070
420100
420160
420270
420440
420500
420550
420570
420670
420740
420770
420790
420880
420930
420950
421030
421040
421050
421060
421110
421120
421140
421180
421260
421600
421610
421630
421670
421740
421810
421880
421900
422020
422110
422130
422140
422250
422270
422420
422650
422940
422970
422980
423120
423180
423220
423230
423270
423320
423440
423490
423550
423580
423610
423620
423700
423720
423740
423750
423760
423770
423800
423810
423880
423900
423950
424000
424010
424030
424060
424170
424210
424250
424280
424310
424320
424370
424640
424760
424780
424830
424870
425040
425070
425150
425160
425210
425220
425310
425340
425410
425450
425580
425600
425670
425820
425860
425900
426000
426040
426170
426290
426330
426560
426590
426630
426690
426790
426930
427030
427100
427190
427250
427270
427470
427510
427520
427550
427640
427660
427730
427770
427780
427810
427820
427860
427910
427930
427950
427980
428020
428060
428100
428110
428180
428200
428210
428220
428250
428260
428270
428280
428340
428350
428430
428440
428510
428530
428540
428550
428690
428740
428750
428830
428880
428900
428950
429020
429050
429060
429120
429160
429200
429220
429260
429280
429300
429330
429350
429390
429430
429470
429490
429520
429530
429570
429580
429600
429610
429620
429680
429690
429700
429720
429780
429790
429940
429950
430020
430080
430190
430240
430290
430300
430440
430930
430960
431060
431180
431220
431230
431240
431250
431260
431290
431330
431360
431410
431450
431500
431510
431540
431560
431590
431600
431610
431640
431680
431710
431730
431740
431810
431830
431840
431850
431860
431870
431910
432010
432020
432180
432190
432230
432240
432250
432280
432290
432470
432480
432540
432590
432610
432720
432770
432780
432870
432980
432990
433000
433120
433280
433300
433320
433340
433350
433380
433400
433490
433530
433580
433750
433790
433800
433840
433850
433890
433910
433920
433950
433960
434000
434020
434050
434070
434120
434130
434210
434220
434230
434240
434250
434260
434270
434290
434370
434380
434390
434410
434420
434480
434490
434500
434520
434570
434610
434620
434650
434680
434700
434730
434780
434800
434820
434860
434870
434880
434920
434970
434980
435030
435050
435070
435080
435120
435150
435250
435300
435360
435440
435460
435480
435530
435600
435790
435800
435840
435970
436000
436060
436110
436140
436150
436270
436280
436360
436390
436470
436500
436510
436520
436530
436560
436860
436870
436950
437000
437020
437030
437090
437100
437160
437170
437180
437340
437420
437520
437660
437710
437740
437870
437880
437890
437900
437920
438000
438010
438020
438030
438040
438090
438110
438130
438140
438180
438270
438300
438330
438340
438350
438440
438480
438600
438640
438680
438720
438780
438790
438820
438920
439190
439250
439310
439440
439700
439720
439730
439750
439770
439900
439910
439920
439930
439940
439950
440020
440090
440280
440340
440380
440410
440470
440540
440550
440650
440720
440730
440740
440750
440760
440790
440800
440810
440870
440880
440950
441050
441060
441280
441380
441510
441550
441670
441680
441790
441830
441870
442000
442070
442080
442140
442210
442220
442290
442500
442710
442810
442890
443020
443250
443260
443330
443370
443380
443420
443450
443460
443530
443570
443580
443630
443650
443680
443700
443810
443830
443860
443890
443940
443970
443980
444000
444090
444140
444190
444220
444250
444260
444270
444280
444290
444320
444350
444420
444430
444440
444460
444480
444520
444580
444590
444620
444640
444670
444710
444720
444770
444800
444870
444880
444940
445040
445130
445170
445210
445310
445420
445550
445600
445750
445770
446000
446020
446040
446100
446120
446310
446330
446380
446390
446430
446440
446460
446640
446870
446910
446990
447000
447020
447170
447180
447200
447240
447310
447530
447780
447800
447850
447860
447890
447970
447990
448010
448020
448050
448070
448090
448160
448240
448250
448260
448310
448320
448350
448370
448400
448440
448470
448480
448500
448510
448520
448530
448540
448560
448570
448580
448610
448620
448630
448640
448660
448720
448750
448780
448790
448820
448830
448910
449000
449020
449040
449050
449060
449140
449150
449180
449200
449210
449220
449250
449300
449310
449320
449340
449350
449420
449440
449470
449500
449530
449540
449680
449710
449730
449760
449780
449820
449830
449940
449960
450030
450120
450140
450190
450250
450290
450500
450650
450670
450700
450710
450850
451000
451130
451140
451200
451230
451350
451400
451570
451600
451670
451700
451880
451900
451920
451990
452000
452060
452120
452320
452340
452420
452440
452450
452510
452860
452970
453090
453100
453130
453270
453290
453300
453340
453350
453390
453510
453660
453680
453700
453710
453720
453740
453750
453770
453790
453810
453830
453850
453880
453890
453950
453960
453990
454030
454060
454070
454100
454130
454150
454170
454180
454190
454200
454220
454250
454320
454410
454430
454460
454510
454520
454530
454540
454570
454600
454610
454630
454690
454720
454780
454870
454890
454900
454930
454950
454970
455110
455200
455340
455400
455490
455590
455640
455710
455910
455940
455970
455980
456130
456160
456210
456430
456540
456660
456690
456810
456830
456980
457010
457480
457490
457520
457530
457600
457680
457730
457810
457820
458000
458030
458060
458170
458230
458330
458380
458420
458450
458470
458480
458510
458560
458700
458710
458970
459020
459040
459100
459160
459310
459470
459520
459540
459580
459630
459680
459820
460120
460150
460190
460340
460560
460650
460700
460750
460890
460910
460940
460960
460970
461030
461140
461200
461230
461360
461380
461390
461400
461480
461520
461560
461640
461650
461680
461690
461700
461710
461720
461750
461780
461820
461830
461840
461850
461860
461880
461890
461910
461970
462030
462100
462130
462860
462930
462950
462960
462990
463030
463050
463060
463070
463100
463110
463120
463130
463150
463180
463210
463220
463250
463270
463320
463350
463390
463460
463520
463550
463710
463760
463800
463830
463850
463870
463920
463930
463980
464050
464080
464100
464230
464350
464360
464380
464470
464620
464670
464690
464700
464760
464780
464800
464830
464880
464960
465060
465070
465130
465170
465510
465520
465670
465720
465750
465760
465860
465890
465930
466050
466100
466110
466170
466350
466430
466490
466500
466580
466730
466780
466820
466830
466870
466910
467000
467090
467120
467210
467220
467310
467330
467370
467390
467520
467760
467780
467820
467850
467900
467910
467930
467950
467960
467990
468050
468070
468100
468150
468160
468310
468320
468490
468560
468800
469600
469710
469730
469830
469890
469900
469930
469980
470060
470140
470260
470270
470450
470480
470600
470760
471170
471260
471380
471570
471640
471910
471920
472060
472680
472870
473050
473450
473460
473510
473520
473560
473670
473710
473770
473800
473810
473920
474010
474030
474050
474620
474750
474790
474820
474910
474980
475080
475220
475240
475430
475490
475550
476030
476240
476410
476450
476460
476490
476510
476710
476880
476920
477160
477200
477290
477750
477910
477950
478010
478980
479020
479040
479110
479130
479150
479170
480410
480450
480480
480780
480900
481870
482120
482300
482730
482750
482890
482920
483950
484950
485000
485160
485310
485330
485340
485350
485360
485370
485380
485390
485440
485450
485490
485560
485570
485580
485600
485620
485640
485660
485690
485730
485760
485800
485830
485860
485870
485890
485900
485920
485950
485970
486170
486230
486360
486470
486480
486500
486510
486630
486650
486720
486810
486820
486850
486880
487030
487160
487270
487330
487370
487380
487580
487590
487600
487700
488210
488220
488280
488330
488460
488550
488580
488660
488960
489050
489220
489470
489580
489610
489700
489730
489890
489900
490230
490300
490380
490390
490820
490860
490880
490980
491000
491030
491040
491070
491080
491090
491130
491160
491240
491260
491330
491380
491470
491510
491580
491620
491650
491720
491730
491950
492080
492130
492270
492280
492340
492370
492430
492530
492630
493000
493340
493370
493650
493720
493730
493760
493810
494220
494440
494460
494470
494740
494970
494980
495010
495090
495110
495230
495350
495580
495700
495720
495780
495890
495910
495960
495980
496030
496300
496310
496350
496460
496500
496520
496530
496550
496590
496610
496630
496650
496680
496730
496760
496870
496890
496990
497040
497090
497180
497270
497350
497360
497400
497430
497470
497580
497670
497680
497790
497850
497860
497940
498050
498190
498240
498280
498300
498330
498360
498450
498470
498580
498660
498830
498940
499100
499110
499120
499230
499340
499370
499440
499460
499520
499900
500120
500190
500570
500580
500590
500790
500870
501030
501050
501120
501190
501500
501760
501920
501940
501970
501990
502120
502140
502150
502210
502230
502400
502550
502740
502750
502770
502910
502940
503010
503140
503210
503480
503680
503710
503820
503960
503980
504050
504260
504280
504400
504490
504670
504750
504980
505040
505760
506140
506500
506590
506670
506830
507050
507080
507270
507360
508140
508540
508960
508990
509110
509190
509210
509220
509290
509440
509570
509860
509910
509930
510050
510220
510250
510280
510630
510750
510780
510830
511010
511140
511160
511320
511340
511630
511670
511800
512020
512230
512300
512450
512470
512550
512600
512640
512740
512770
513140
513260
513340
513360
513440
513580
513630
513720
513770
513810
513960
513980
514160
514220
514290
514520
514890
515570
515690
515910
516040
516510
517060
517240
517350
517370
517790
517810
517910
518030
518140
519180
520820
521000
521130
521200
521210
521330
521340
521430
521450
521470
521540
521570
521630
521930
521990
522030
522490
522570
522590
522660
523080
523760
523790
524340
524520
524600
524990
525350
526790
527340
527440
527810
527900
528660
